+-----+----------------+-------+---------+--------+-------------+-------+---------+--------+
|   o |   f(x*) Cauchy |   #it |   #fcnt |   time |    f(x*) CN |   #it |   #fcnt |   time |
+=====+================+=======+=========+========+=============+=======+=========+========+
|   0 |   14.1         |   178 |    1887 | 0.6416 | 14.1013     |   129 |    1133 | 0.4472 |
+-----+----------------+-------+---------+--------+-------------+-------+---------+--------+
|   1 |   11.8469      |   295 |    3327 | 0.8438 | 11.8488     |   138 |    1236 | 0.4205 |
+-----+----------------+-------+---------+--------+-------------+-------+---------+--------+
|   2 |   10.4518      |   264 |    3031 | 0.7061 | 13.994      |   135 |    1258 | 0.3999 |
+-----+----------------+-------+---------+--------+-------------+-------+---------+--------+
|   3 |   13.9884      |   261 |    3224 | 0.8399 | 10.3918     |   176 |    1526 | 0.5263 |
+-----+----------------+-------+---------+--------+-------------+-------+---------+--------+
|   4 |    9.28609     |   256 |    2785 | 0.7652 | 10.1669     |   122 |    1131 | 0.3592 |
+-----+----------------+-------+---------+--------+-------------+-------+---------+--------+
|   5 |   10.9925      |   292 |    3339 | 0.77   |  9.11279    |   163 |    1432 | 0.4457 |
+-----+----------------+-------+---------+--------+-------------+-------+---------+--------+
|   6 |    8.6891      |   315 |    3365 | 0.8025 | 10.3699     |   129 |    1146 | 0.3777 |
+-----+----------------+-------+---------+--------+-------------+-------+---------+--------+
|   7 |   13.4822      |   192 |    2137 | 0.4895 |  8.94791    |    58 |     450 | 0.1522 |
+-----+----------------+-------+---------+--------+-------------+-------+---------+--------+
|   8 |    6.77278     |   200 |    2168 | 0.5178 |  7.58848    |    74 |     561 | 0.1908 |
+-----+----------------+-------+---------+--------+-------------+-------+---------+--------+
|   9 |    4.65082     |   141 |    1354 | 0.3378 |  5.46276    |    98 |     764 | 0.2479 |
+-----+----------------+-------+---------+--------+-------------+-------+---------+--------+
|  10 |    0.000154734 |    53 |     479 | 0.1337 |  0.00831566 |    33 |     256 | 0.0966 |
+-----+----------------+-------+---------+--------+-------------+-------+---------+--------+
|  11 |    0.000161842 |    42 |     394 | 0.1074 |  0.00361209 |    54 |     451 | 0.167  |
+-----+----------------+-------+---------+--------+-------------+-------+---------+--------+
|  12 |    0.000139578 |    33 |     273 | 0.0854 |  0.0090025  |    26 |     162 | 0.0693 |
+-----+----------------+-------+---------+--------+-------------+-------+---------+--------+
|  13 |    0.000318509 |    42 |     391 | 0.1102 |  0.817774   |    86 |     699 | 0.2568 |
+-----+----------------+-------+---------+--------+-------------+-------+---------+--------+
|  14 |    0.000278313 |    57 |     572 | 0.1582 |  0.00244431 |    48 |     350 | 0.1427 |
+-----+----------------+-------+---------+--------+-------------+-------+---------+--------+
|  15 |    0.000152443 |    31 |     250 | 0.0829 |  0.00917658 |    31 |     214 | 0.0963 |
+-----+----------------+-------+---------+--------+-------------+-------+---------+--------+