-1.0 -5.990670929286157
-0.9 -4.960185348016493
-0.8 -4.0418501705988295
-0.7 -3.204780480751017
-0.6 -2.487214620052725
-0.5 -1.873355448538821
-0.3999999999999999 10.0
-0.29999999999999993 10.0
-0.19999999999999996 10.0
-0.09999999999999998 10.0
0.0 10.0
0.10000000000000009 10.0
0.20000000000000018 10.0
0.30000000000000004 10.0
0.40000000000000013 10.0
0.5 10.0
0.6000000000000001 0.33943126962975967
0.7000000000000002 0.26467876453674144
0.8 0.19732961865583576
0.9000000000000001 0.09373619550726234
1.0 -0.009383719565467801
1.1 -0.09322454565527453
1.2000000000000002 -0.1950782206880575
1.3000000000000003 -0.27053437049921675
1.4000000000000004 -0.3336836860979284
1.5 -0.38202890722583427
1.6 -0.39033818705180173
1.7000000000000002 -0.36471174060622646
1.8000000000000003 -0.29770762439026116
1.9000000000000004 -0.1712649691879042
2.0 0.009298031218324313
2.1 0.22229124561954358
2.2 0.5288217637110231
2.3000000000000003 0.8963179711801664
2.4000000000000004 1.346029268991224
2.5 1.8667785765998133
2.6 2.497580053723746
2.7 3.2083917100763863
2.8000000000000003 4.033128651211128
2.9000000000000004 4.961892684683573
3.0 5.99962072742733
3.1000000000000005 7.158104782948865
3.2 8.442983042427224
3.3 9.875670309960851
3.4000000000000004 11.423067760389532
3.5 13.125603224138231
