0.0 1.366
0.1 1.191
0.2 1.112
0.3 1.013
0.4 1.418
0.5 0.991
0.6 0.885
0.7 0.831
0.8 0.847
0.9 1.146
1.0 0.786
1.1 0.725
1.2 0.746
1.3 0.679
1.4 0.608
1.5 1.132
1.6 0.655
1.7 0.616
1.8 0.606
1.9 0.602
2.0 1.071
2.1 0.626
2.2 1.175
2.3 0.651
2.4 1.266
2.5 0.724
2.6 0.649
2.7 0.649
2.8 0.694
2.9 0.644
3.0 0.624
3.1 0.661
3.2 0.612
3.3 0.979
3.4 0.558
3.5 0.533
3.6 0.495
3.7 0.5
3.8 0.423
3.9 0.395
4.0 0.867
4.1 0.375
4.2 1.109
4.3 0.372
4.4 0.391
4.5 0.396
4.6 1.211
4.7 0.942
4.8 0.405
4.9 0.428
5.0 0.429
5.1 0.523
5.2 0.562
5.3 0.607
5.4 0.653
5.5 0.672
5.6 0.708
5.7 0.633
5.8 0.668
5.9 0.645
6.0 0.632
6.1 0.591
6.2 0.559
6.3 0.597
6.4 0.625
6.5 0.739
6.6 0.71
6.7 1.338
6.8 0.729
6.9 0.72
7.0 1.148
7.1 0.636
7.2 0.581
7.3 0.428
7.4 0.292
7.5 0.162
7.6 0.098
7.7 0.054
