0.0 1.366
0.1 1.191
0.2 1.112
0.3 1.013
0.4 1.391
0.5 0.885
0.6 0.831
0.7 0.847
0.8 0.786
0.9 1.125
1.0 0.746
1.1 0.679
1.2 0.608
1.3 0.655
1.4 0.616
1.5 1.006
1.6 0.602
1.7 0.626
1.8 0.651
1.9 0.724
2.0 1.049
2.1 0.649
2.2 1.0939999999999999
2.3 0.644
2.4 1.024
2.5 0.661
2.6 0.612
2.7 0.558
2.8 0.533
2.9 0.495
3.0 0.5
3.1 0.423
3.2 0.395
3.3 0.775
3.4 0.372
3.5 0.391
3.6 0.396
3.7 0.405
3.8 0.428
3.9 0.429
4.0 0.923
4.1 0.562
4.2 1.0070000000000001
4.3 0.653
4.4 0.672
4.5 0.708
4.6 1.033
4.7 1.068
4.8 0.645
4.9 0.632
5.0 0.591
5.1 0.559
5.2 0.597
5.3 0.625
5.4 0.739
5.5 0.71
5.6 0.729
5.7 0.72
5.8 0.636
5.9 0.581
6.0 0.8280000000000001
6.1 0.292
6.2 0.562
6.3 0.098
6.4 0.054
