# t y
-1.000000 -5.990671
-0.902174 -4.981582
-0.804348 -4.079865
-0.706522 -3.255019
-0.608696 -2.545665
-0.510870 -1.936388
-0.413043 10.000000
-0.315217 10.000000
-0.217391 10.000000
-0.119565 10.000000
-0.021739 10.000000
0.076087 10.000000
0.173913 10.000000
0.271739 10.000000
0.369565 10.000000
0.467391 10.000000
0.565217 0.356024
0.663043 0.290377
0.760870 0.230786
0.858696 0.133219
0.956522 0.034012
1.054348 -0.048412
1.152174 -0.151728
1.250000 -0.231909
1.347826 -0.303429
1.445652 -0.364172
1.543478 -0.389290
1.641304 -0.385266
1.739130 -0.345041
1.836957 -0.250937
1.934783 -0.108654
2.032609 0.059733
2.130435 0.314950
2.228261 0.624042
2.326087 1.007875
2.423913 1.454890
2.521739 2.003717
2.619565 2.623932
2.717391 3.349068
2.815217 4.168842
2.913043 5.087810
3.010870 6.117380
3.108696 7.262808
3.206522 8.545125
3.304348 9.930850
3.402174 11.460029
3.500000 13.115386
